-81.36 13.37 6 0 15 ML PRV
-71.99 11.70 6 0 15 ML URI
-74.23 11.16 6 0 15 ML SMAR
-72.88 11.02 6 0 15 ML CRJC
-75.18 9.89 6 0 15 ML SJC
-74.25 9.86 6 0 15 ML ARGC
-76.37 8.86 6 0 15 ML LCBC
-77.36 8.65 6 0 15 ML CAP2
-75.53 7.75 6 0 15 ML URE
-74.86 7.49 6 0 15 ML ZAR
-73.71 7.11 6 0 15 ML BRR
-77.81 7.14 6 0 15 ML PTA
-74.46 6.54 6 0 15 ML PTB
-71.79 6.43 6 0 15 ML TAM
-75.53 6.19 6 0 15 ML HEL
-73.08 5.89 6 0 15 ML RUS
-76.01 5.86 6 0 15 ML CBOC
-74.07 5.65 6 0 15 ML SPBC
-74.87 5.56 6 0 15 ML NOR
-75.39 5.23 6 0 15 ML GUY2C
-77.34 4.97 6 0 15 ML PIZC
-76.28 4.90 6 0 15 ML PAL
-73.73 4.63 6 0 15 ML CHI
-72.13 4.20 6 0 15 ML PTGC
-81.60 4.00 6 0 15 ML MAP
-76.35 3.98 6 0 15 ML YOT
-75.25 3.91 6 0 15 ML ORTC
-74.89 3.71 6 0 15 ML PRA
-76.68 2.54 6 0 15 ML POP2
-75.49 2.19 6 0 15 ML GARC
-73.85 2.15 6 0 15 ML MACC
-77.25 2.02 6 0 15 ML BBAC
-78.73 1.84 6 0 15 ML TUM
-75.65 1.58 6 0 15 ML FLO2
-74.80 -0.17 6 0 15 ML PTLC
-76.58 7.9 6 0 15 ML APAC
-76.67 3.22 6 0 15 ML JAMC
-73.39 5.40 6 0 15 ML YPLC
-73.32 8.24 6 0 15 ML OCA
-74.07 4.52 6 0 15 ML CVER
-76.21 7.02 6 0 15 ML DBB
-74.38 3.25 6 0 15 ML URMC
