-88.28 20.23  5  0  15  ML  TEIG
-75.11 19.93  5  0  15  ML  GTBY
-71.29 18.98  5  0  15  ML  SDDR
-77.54 18.23  5  0  15  ML  MTDJ
-66.15 18.11  5  0  15  ML  SJG
-87.27 14.00  5  0  15  ML  TGUH
-84.95 10.29  5  0  15  ML  JTS
-79.84 9.17  5  0  15  ML  BCIP
-79.53 8.98  5  0  15  ML  UPA
-82.03 8.50  5  0  15  ML  BRU2
-78.02 8.55  5  0  15  ML  UPD2
-80.33 8.49  5  0  15  ML  PNME
-82.87 8.20  5  0  15  ML  PTP
-81.25 7.80  5  0  15  ML  GMAL
-80.27 7.79  5  0  15  ML  AZU
-80.85 7.33  5  0  15  ML  CACAO
-70.01 12.51  5  0  15  ML  AUA1
-70.64 10.92  5  0  15  ML  DABV
-70.63 8.88  5  0  15  ML  SDV
-70.86 8.28  5  0  15  ML  SOCV
-72.31 7.86  5  0  15  ML  CAPV
-69.48 7.00  5  0  15  ML  ELOV
-78.40 0.31  5  0  15  ML  CUSE
-78.80 0.27  5  0  15  TR PAC1
-78.45 0.24  5  0  15  TL OTAV
-77.33 0.14  5  0  15  ML  CASC
-80.03 0.78  5  0  15  ML  PTGL
-77.79 0.72  5  0  15  ML  TULM
-90.29 -0.67  5  0  15  ML  PAYG
-59.97 -0.73  5  0  15  ML  PTGA
-69.91 -4.18  5  0  15  ML  TBTG
-63.18 -8.95  5  0  15  ML  SAML
-68.13 -16.29  5  0  15  ML  LPAZ
-76.90 -0.55  5  0  15  ML  AUCA
-68.13 11.97  5  0  15  ML  ACON
-86.70 12.50  5  0  15  ML  CNGN
-87.03 12.70  5  0  15  ML  CRIN
-87.03 12.00  5  0  15  ML  MASN
-60.52 2.40  5  0  15  ML  BOAV
-72.70 -7.55  5  0  15  ML  CZSB
-61.78 17.67  5  0  15  ML  ANWB
-59.56 13.15  5  0  15  ML  BBGH
-61.65 12.13  5  0  15  ML  GRGR
-71.13 21.51  5  0  15  ML  GRTK
