-81.364	13.376 5 0 15 CL PRV
-76.580 7.900 5 0 15 CL APAC
-74.245 9.857 5 0 15 CL ARGC
-75.660 4.560 5 0 15 CL ARMEC
-73.182 6.592 5 0 15 CL BAR2
-75.418 2.722 5 0 15 CL BET
-74.080	4.641 5 0 15 CL BOG
-73.360	8.644 5 0 15 CL CAP2
-75.627	4.509 5 0 15 CL CCALA
-76.951 1.568 5 0 15 CL CRU
-77.346	1.227 5 0 15 CL CUFI
-77.826 0.940 5 0 15 CL CUM
-76.210 7.018 5 0 15 CL DBB
-75.653	1.583 5 0 15 CL FLO2
-75.493 2.186 5 0 15 CL GARC
-78.167	3.003 5 0 15 CL GR1C
-72.627	2.545 5 0 15 CL GUA
-75.365	5.224 5 0 15 CL GUY2C
-75.235	4.447 5 0 15 CL IBA1C
-76.673	3.215 5 0 15 CL JAMC
-73.847 2.145 5 0 15 CL MACC
-77.331	4.013 5 0 15 CL MAL
-75.524	5.071 5 0 15 CL MAN1C
-75.589	6.276 5 0 15 CL MEDEC
-75.470	5.057 5 0 15 CL NIZA
-74.868	5.564 5 0 15 CL NOR
-73.319 8.239 5 0 15 CL OCA
-75.246 3.909 5 0 15 CL ORTC
-76.283 4.905 5 0 15 CL PAL
-72.699 7.339 5 0 15 CL PAM
-77.251	1.221 5 0 15 CL CPAS2
-77.322	1.189 5 0 15 CL CPAS1
-77.359 4.965 5 0 15 CL PIZC
-76.675 2.540 5 0 15 CL POP2
-77.808	7.147 5 0 15 CL PTA
-74.456 6.539 5 0 15 CL PTB
-74.797 -0.17 5 0 15 CL PTLC
-76.529	3.372 5 0 15 CL RAC2C
-75.352 4.960 5 0 15 CL RECRC
-74.321	4.844 5 0 15 CL ROSC
-75.179	9.896 5 0 15 CL SJC
-74.225	11.164 5 0 15 CL SMAR
-77.409	6.227 5 0 15 CL SOL
-74.072	5.652 5 0 15 CL SPBC
-74.204	5.011 5 0 15 CL TABC
-71.791	6.436 5 0 15 CL TAM
-78.745	1.824 5 0 15 CL TUM3C
-78.727	1.824 5 0 15 CL TUM
-75.532	7.751 5 0 15 CL URE
-71.993 11.702 5 0 15 CL URI
-74.378 3.247 5 0 15 CL URMC
-73.258	10.508 5 0 15 CL VALLC
-73.693	4.112 5 0 15 CL VIL
-76.345	3.984 5 0 15 CL YOT
-72.380	5.397 5 0 15 CL YPLC
