-81.36 13.37  6  0 15 5 PRV
-71.99 11.70  6  0 15 5 URI
-74.23 11.16  6  0 15 5 SMAR
-73.44 9.93  6  0 15 5 COD
-75.18 9.89  6  0 15 5 SJC
-74.25 9.86  6  0 15 5 ARGC
-76.37 8.86  6  0 15 5 LCBC
-74.07 8.80  6  0 15 5 SML
-75.66 8.77  6  0 15 5 MON
-77.35 8.65  6  0 15 5 CAP2
-73.32 8.24  6  0 15 5 OCA
-75.53 7.75  6  0 15 5 URE
-74.86 7.49  6  0 15 5 ZAR
-72.70 7.33  6  0 15 5 PAM
-73.71 7.11  6  0 15 5 BRR
-77.81 7.14  6  0 15 5 PTA
-76.21 7.02  6  0 15 5 DBB
-74.46 6.54  6  0 15 5 PTB
-73.18 6.59  6  0 15 5 BAR2
-71.79 6.43  6  0 15 5 TAM
-77.41 6.23  6  0 15 5 SOL
-75.53 6.19  6  0 15 5 HEL
-73.08 5.89  6  0 15 5 RUS
-76.01 5.86  6  0 15 5 CBOC
-74.07 5.65  6  0 15 5 SPBC
-74.87 5.56  6  0 15 5 NOR
-72.42 5.35  6  0 15 5 YOP
-75.39 5.23  6  0 15 5 GUY2C
-77.36 4.97  6  0 15 5 PIZC
-76.28 4.90  6  0 15 5 PAL
-74.32 4.84  6  0 15 5 ROSC
-73.73 4.63  6  0 15 5 CHI
-75.32 4.59  6  0 15 5 TOL
-72.13 4.20  6  0 15 5 PTGC
-73.69 4.11  6  0 15 5 VIL
-77.34 4.01  6  0 15 5 MAL
-81.60 4.00  6  0 15 5 MAP
-76.35 3.98  6  0 15 5 YOT
-75.25 3.91  6  0 15 5 ORTC
-74.89 3.71  6  0 15 5 PRA
-78.16 3.00  6  0 15 5 GOR
-75.44 2.68  6  0 15 5 BET
-72.63 2.54  6  0 15 5 GUA
-76.68 2.54  6  0 15 5 POP2
-75.49 2.19  6  0 15 5 GARC
-73.85 2.15  6  0 15 5 MACC
-77.25 2.02  6  0 15 5 BBAC
-78.73 1.84  6  0 15 5 TUM
-75.65 1.58  6  0 15 5 FLO2
-76.95 1.57  6  0 15 5 CRU
-77.83 0.94  6  0 15 5 CUM
-76.57 0.55  6  0 15 5 PUAC
-74.80 -0.17  6  0 15 5 PTLC
