-81.36 13.37 6 0 15 5 PRV
-71.99 11.70 6 0 15 5 URI
-74.23 11.16 6 0 15 5 SMAR
-72.88 11.02 6 0 15 5 CRJC
-75.18 9.89 6 0 15 5 SJC
-74.25 9.86 6 0 15 5 ARGC
-76.37 8.86 6 0 15 5 LCBC
-77.36 8.65 6 0 15 5 CAP2
-75.53 7.75 6 0 15 5 URE
-74.86 7.49 6 0 15 5 ZAR
-73.71 7.11 6 0 15 5 BRR
-77.81 7.14 6 0 15 5 PTA
-74.46 6.54 6 0 15 5 PTB
-71.79 6.43 6 0 15 5 TAM
-75.53 6.19 6 0 15 5 HEL
-73.08 5.89 6 0 15 5 RUS
-76.01 5.86 6 0 15 5 CBOC
-74.07 5.65 6 0 15 5 SPBC
-74.87 5.56 6 0 15 5 NOR
-75.39 5.23 6 0 15 5 GUY2C
-77.34 4.97 6 0 15 5 PIZC
-76.28 4.90 6 0 15 5 PAL
-73.73 4.63 6 0 15 5 CHI
-72.13 4.20 6 0 15 5 PTGC
-81.60 4.00 6 0 15 5 MAP
-76.35 3.98 6 0 15 5 YOT
-75.25 3.91 6 0 15 5 ORTC
-74.89 3.71 6 0 15 5 PRA
-76.68 2.54 6 0 15 5 POP2
-75.49 2.19 6 0 15 5 GARC
-73.85 2.15 6 0 15 5 MACC
-77.25 2.02 6 0 15 5 BBAC
-78.73 1.84 6 0 15 5 TUM
-75.65 1.58 6 0 15 5 FLO2
-74.80 -0.17 6 0 15 5 PTLC
-76.58 7.9 6 0 15 5 APAC
-76.67 3.22 6 0 15 5 JAMC
-73.39 5.40 6 0 15 5 YPLC
-73.32 8.24 6 0 15 5 OCA
-74.07 4.52 6 0 15 5 CVER
-76.21 7.02 6 0 15 5 DBB
-74.38 3.25 6 0 15 5 URMC
-75.40 4.86 6 0 15 5 ELA
-75.40 4.49 6 0 15 5 ANIL
-75.96 2.84 6 0 15 5 MARO
-76.40 2.33 6 0 15 5 CONO
-76.61 2.14 6 0 15 5 SOTO
-77.35 1.23 6 0 15 5 GCUF
-72.70 7.33 6 0 15 5 PAM
-76.21 7.02 6 0 15 5 DBB
-73.18 6.59 6 0 15 5 BAR2
-77.41 6.23 6 0 15 5 SOL
-73.69 4.11 6 0 15 5 VIL
-77.34 4.01 6 0 15 5 MAL
-78.16 3.00 6 0 15 5 GR1C
-75.44 2.68 6 0 15 5 BET
-72.63 2.54 6 0 15 5 GUA
-76.95 1.57 6 0 15 5 CRU
-77.83 0.94 6 0 15 5 CUM
-74.20 5.01 6 0 15 5 TABC
-88.28 20.23 6 0 15 5 TEIG
-75.11 19.93 6 0 15 5 GTBY
-71.29 18.98 6 0 15 5 SDDR
-77.54 18.23 6 0 15 5 MTDJ
-66.15 18.11 6 0 15 5 SJG
-87.27 14.00 6 0 15 5 TGUH
-84.95 10.29 6 0 15 5 JTS
-79.84 9.17 6 0 15 5 BCIP
-79.53 8.98 6 0 15 5 UPA
-82.03 8.50 6 0 15 5 BRU2
-78.02 8.55 6 0 15 5 UPD2
-80.33 8.49 6 0 15 5 PNME
-82.87 8.20 6 0 15 5 PTP
-81.25 7.80 6 0 15 5 GMAL
-80.27 7.79 6 0 15 5 AZU
-80.85 7.33 6 0 15 5 CACAO
-70.01 12.51 6 0 15 5 AUA1
-70.64 10.92 6 0 15 5 DABV
-70.63 8.88 6 0 15 5 SDV
-70.86 8.28 6 0 15 5 SOCV
-72.31 7.86 6 0 15 5 CAPV
-69.48 7.00 6 0 15 5 ELOV
-78.40 0.31 6 0 15 5 CUSE
-78.80 0.27 6 0 15 TR PAC1
-78.45 0.24 6 0 15 TL OTAV
-77.33 0.14 6 0 15 5 CASC
-80.03 0.78 6 0 15 5 PTGL
-77.79 0.72 6 0 15 5 TULM
-90.29 -0.67 6 0 15 5 PAYG
-59.97 -0.73 6 0 15 5 PTGA
-69.91 -4.18 6 0 15 5 TBTG
-63.18 -8.95 6 0 15 5 SAML
-68.13 -16.29 6 0 15 5 LPAZ
-76.90 -0.55 6 0 15 5 AUCA
-68.13 11.97 6 0 15 5 ACON
-86.70 12.50 6 0 15 5 CNGN
-87.03 12.70 6 0 15 5 CRIN
-87.03 12.00 6 0 15 5 MASN
-60.52 2.40 6 0 15 5 BOAV
-72.70 -7.55 6 0 15 5 CZSB
-61.78 17.67 6 0 15 5 ANWB
-59.56 13.15 6 0 15 5 BBGH
-61.65 12.13 6 0 15 5 GRGR
-71.13 21.51 6 0 15 5 GRTK
